[-26.65423738 -18.89635685]
[-26.68019978 -18.76458915]
[-26.70508275 -18.6334161 ]
[-26.72889457 -18.50290902]
[-26.75164338 -18.37314867]
[-26.77333725 -18.24422702]
[-26.7939841  -18.11624922]
[-26.81359177 -17.9893362 ]
[-26.832168   -17.86362767]
[-26.84972042 -17.7392858 ]
[-26.86625656 -17.61649978]
[-26.88178386 -17.49549126]
[-26.89630967 -17.37652102]
[-26.90984122 -17.25989698]
[-26.92238568 -17.14598383]
[-26.93395011 -17.03521432]
[-26.94454148 -16.92810226]
[-26.95416669 -16.82525684]
[-26.96283253 -16.7273974 ]
[-26.97054573 -16.63536672]
[-26.97731291 -16.55013963]
[-26.98314064 -16.47282151]
[-26.98803538 -16.40462966]
[-26.99200353 -16.346849  ]
[-26.99505141 -16.30075541]
[-26.99718525 -16.26750641]
[-26.99841123 -16.24801115]
[-26.99873543 -16.24280574]
[-26.99816387 -16.2519685 ]
[-26.9967025  -16.27510281]
[-26.99435721 -16.31139383]
[-26.9911338  -16.35972024]
[-26.98703801 -16.41878748]
[-26.98207551 -16.48725057]
[-26.97625192 -16.56380756]
[-26.96957279 -16.64725869]
[-26.96204358 -16.73653563]
[-26.95366973 -16.83070939]
[-26.94445659 -16.9289847 ]
[-26.93440946 -17.03068761]
[-26.92353357 -17.13525021]
[-26.91183411 -17.24219528]
[-26.89931619 -17.35112196]
[-26.88598488 -17.46169319]
[-26.8718452  -17.57362491]
[-26.85690209 -17.68667704]
[-26.84116046 -17.80064591]
[-26.82462516 -17.91535814]
[-26.80730097 -18.03066551]
[-26.78919265 -18.14644079]
[-26.77030488 -18.26257432]
[-26.75064231 -18.3789712 ]
[-26.73020954 -18.49554897]
[-26.7090111  -18.61223569]
[-26.6870515  -18.72896838]
[-26.66433519 -18.84569164]
[-26.64086657 -18.96235663]
[-26.61665    -19.07892009]
[-26.5916898  -19.19534361]
[-26.56599023 -19.31159294]
[-26.53955553 -19.42763747]
[-26.51238988 -19.54344973]
[-26.48449741 -19.65900502]
[-26.45588223 -19.77428107]
[-26.42654841 -19.88925771]
[-26.39649995 -20.00391667]
[-26.36574084 -20.11824131]
[-26.33427502 -20.23221648]
[-26.30210639 -20.34582832]
[-26.26923881 -20.45906414]
[-26.23567612 -20.57191228]
[-26.20142209 -20.684362  ]
[-26.16648049 -20.79640342]
[-26.13085504 -20.90802739]
[-26.09454941 -21.01922543]
[-26.05756725 -21.12998967]
[-26.01991218 -21.2403128 ]
[-25.98158778 -21.35018799]
[-25.94259759 -21.45960889]
[-25.90294512 -21.56856953]
[-25.86263387 -21.67706433]
[-25.82166728 -21.78508805]
[-25.78004876 -21.89263576]
[-25.73778171 -21.99970281]
[-25.69486949 -22.10628481]
[-25.65131541 -22.21237762]
[-25.60712279 -22.31797731]
[-25.56229488 -22.42308016]
[-25.51683493 -22.52768261]
[-25.47074614 -22.63178132]
[-25.42403172 -22.73537305]
[-25.3766948  -22.83845475]
[-25.32873851 -22.94102348]
[-25.28016597 -23.04307644]
[-25.23098025 -23.14461093]
[-25.1811844  -23.24562436]
[-25.13078143 -23.34611426]
[-25.07977436 -23.44607822]
[-25.02816616 -23.54551394]
[-24.97595977 -23.64441919]
[-24.92315813 -23.7427918 ]
[-24.86976413 -23.84062969]
[-24.81578065 -23.93793084]
[-24.76121056 -24.03469327]
[-24.70605667 -24.13091508]
[-24.65032181 -24.22659442]
[-24.59400876 -24.32172946]
[-24.53712029 -24.41631844]
[-24.47965914 -24.51035964]
[-24.42162804 -24.60385137]
[-24.36302968 -24.69679198]
[-24.30386676 -24.78917986]
[-24.24414193 -24.88101342]
[-24.18385783 -24.9722911 ]
[-24.1230171  -25.06301138]
[-24.06162232 -25.15317275]
[-23.99967608 -25.24277373]
[-23.93718096 -25.33181287]
[-23.87413949 -25.42028873]
[-23.8105542  -25.50819989]
[-23.74642761 -25.59554495]
[-23.6817622  -25.68232252]
[-23.61656045 -25.76853123]
[-23.55082482 -25.85416974]
[-23.48455775 -25.93923669]
[-23.41776165 -26.02373075]
[-23.35043895 -26.1076506 ]
[-23.28259202 -26.19099493]
[-23.21422325 -26.27376245]
[-23.14533499 -26.35595184]
[-23.07592959 -26.43756183]
[-23.00600938 -26.51859114]
[-22.93557666 -26.59903848]
[-22.86463374 -26.6789026 ]
[-22.7931829  -26.75818222]
[-22.72122641 -26.83687608]
[-22.64876653 -26.91498293]
[-22.57580549 -26.9925015 ]
[-22.50234553 -27.06943055]
[-22.42838886 -27.14576882]
[-22.35393768 -27.22151507]
[-22.27899418 -27.29666803]
[-22.20356054 -27.37122646]
[-22.12763891 -27.4451891 ]
[-22.05123145 -27.51855472]
[-21.9743403  -27.59132205]
[-21.89696758 -27.66348983]
[-21.81911541 -27.73505682]
[-21.74078589 -27.80602175]
[-21.66198111 -27.87638337]
[-21.58270315 -27.9461404 ]
[-21.50295408 -28.01529159]
[-21.42273597 -28.08383565]
[-21.34205085 -28.15177132]
[-21.26090077 -28.21909731]
[-21.17928776 -28.28581234]
[-21.09721382 -28.35191512]
[-21.01468098 -28.41740436]
[-20.93169122 -28.48227875]
[-20.84824655 -28.546537  ]
[-20.76434892 -28.61017778]
[-20.68000033 -28.67319979]
[-20.59520273 -28.7356017 ]
[-20.50995806 -28.79738218]
[-20.42426829 -28.85853988]
[-20.33813534 -28.91907348]
[-20.25156114 -28.9789816 ]
[-20.16454761 -29.03826291]
[-20.07709667 -29.09691601]
[-19.98921021 -29.15493955]
[-19.90089015 -29.21233214]
[-19.81213836 -29.26909238]
[-19.72295674 -29.32521887]
[-19.63334715 -29.38071021]
[-19.54331147 -29.43556497]
[-19.45285156 -29.48978173]
[-19.36196928 -29.54335905]
[-19.27066648 -29.59629548]
[-19.17894501 -29.64858956]
[-19.0868067  -29.70023983]
[-18.99425339 -29.7512448 ]
[-18.90128691 -29.801603  ]
[-18.80790907 -29.85131291]
[-18.7141217  -29.90037304]
[-18.61992661 -29.94878186]
[-18.52532562 -29.99653783]
[-18.43032051 -30.04363942]
[-18.3349131  -30.09008507]
[-18.23910517 -30.13587321]
[-18.14289853 -30.18100226]
[-18.04629495 -30.22547064]
[-17.94929622 -30.26927673]
[-17.85190412 -30.31241893]
[-17.75412043 -30.3548956 ]
[-17.65594692 -30.39670511]
[-17.55738537 -30.43784579]
[-17.45843754 -30.47831598]
[-17.35910519 -30.518114  ]
[-17.2593901  -30.55723816]
[-17.15929402 -30.59568673]
[-17.05881871 -30.63345801]
[-16.95796593 -30.67055026]
[-16.85673743 -30.70696172]
[-16.75513497 -30.74269062]
[-16.65316031 -30.77773519]
[-16.55081519 -30.81209363]
[-16.44810136 -30.84576413]
[-16.34502058 -30.87874486]
[-16.2415746  -30.91103399]
[-16.13776516 -30.94262964]
[-16.03359402 -30.97352995]
[-15.92906292 -31.00373303]
[-15.82417361 -31.03323698]
[-15.71892785 -31.06203986]
[-15.61332739 -31.09013974]
[-15.50737397 -31.11753466]
[-15.40106935 -31.14422266]
[-15.29441529 -31.17020173]
[-15.18741354 -31.19546987]
[-15.08006586 -31.22002505]
[-14.97237401 -31.24386523]
[-14.86433974 -31.26698834]
[-14.75596483 -31.2893923 ]
[-14.64725104 -31.31107502]
[-14.53820014 -31.33203436]
[-14.4288139  -31.35226821]
[-14.3190941  -31.37177438]
[-14.20904252 -31.39055072]
[-14.09866094 -31.40859502]
[-13.98795114 -31.42590506]
[-13.87691492 -31.44247861]
[-13.76555408 -31.4583134 ]
[-13.65387041 -31.47340716]
[-13.54186572 -31.48775759]
[-13.42954181 -31.50136236]
[-13.31690051 -31.51421914]
[-13.20394364 -31.52632555]
[-13.09067302 -31.53767921]
[-12.97709048 -31.54827771]
[-12.86319787 -31.55811861]
[-12.74899704 -31.56719947]
[-12.63448983 -31.57551779]
[-12.5196781  -31.58307109]
[-12.40456373 -31.58985683]
[-12.2891486  -31.59587246]
[-12.17343458 -31.60111541]
[-12.05742357 -31.60558308]
[-11.94111747 -31.60927284]
[-11.82451819 -31.61218205]
[-11.70762765 -31.61430803]
[-11.59044778 -31.61564808]
[-11.47298052 -31.61619947]
[-11.35522783 -31.61595945]
[-11.23719165 -31.61492523]
[-11.11887396 -31.61309401]
[-11.00027675 -31.61046296]
[-10.88140201 -31.6070292 ]
[-10.76225175 -31.60278986]
[-10.64282798 -31.597742  ]
[-10.52313273 -31.59188268]
[-10.40316806 -31.58520893]
[-10.28293602 -31.57771772]
[-10.16243867 -31.56940603]
[-10.04167812 -31.56027078]
[ -9.92065645 -31.55030888]
[ -9.79937579 -31.5395172 ]
[ -9.67783826 -31.52789257]
[ -9.55604602 -31.51543179]
[ -9.43400122 -31.50213165]
[ -9.31170605 -31.48798889]
[ -9.18916271 -31.4730002 ]
[ -9.06637341 -31.45716226]
[ -8.94334038 -31.44047172]
[ -8.82006588 -31.42292518]
[ -8.69655218 -31.4045192 ]
[ -8.57280157 -31.38525033]
[ -8.44881636 -31.36511506]
[ -8.32459888 -31.34410985]
[ -8.20015149 -31.32223113]
[ -8.07547656 -31.29947529]
[ -7.95057649 -31.27583867]
[ -7.82545369 -31.25131759]
[ -7.70011062 -31.22590832]
[ -7.57454973 -31.19960709]
[ -7.44877353 -31.17241011]
[ -7.32278452 -31.14431351]
[ -7.19658526 -31.11531342]
[ -7.0701783 -31.0854059]
[ -6.94356625 -31.05458698]
[ -6.81675173 -31.02285265]
[ -6.6897374  -30.99019885]
[ -6.56252593 -30.95662148]
[ -6.43512004 -30.9221164 ]
[ -6.30752247 -30.88667941]
[ -6.179736   -30.85030627]
[ -6.05176342 -30.81299271]
[ -5.92360759 -30.77473439]
[ -5.79527137 -30.73552694]
[ -5.66675767 -30.69536592]
[ -5.53806944 -30.65424688]
[ -5.40920965 -30.61216528]
[ -5.28018132 -30.56911654]
[ -5.1509875  -30.52509605]
[ -5.02163129 -30.48009912]
[ -4.89211583 -30.43412102]
[ -4.76244428 -30.38715698]
[ -4.63261986 -30.33920215]
[ -4.50264583 -30.29025164]
[ -4.37252551 -30.24030051]
[ -4.24226222 -30.18934375]
[ -4.11185938 -30.1373763 ]
[ -3.98132042 -30.08439304]
[ -3.85064883 -30.03038879]
[ -3.71984816 -29.97535831]
[ -3.58892199 -29.91929632]
[ -3.45787397 -29.86219744]
[ -3.32670779 -29.80405625]
[ -3.19542722 -29.74486727]
[ -3.06403605 -29.68462496]
[ -2.93253816 -29.62332368]
[ -2.80093746 -29.56095777]
[ -2.66923795 -29.49752147]
[ -2.53744367 -29.43300897]
[ -2.40555873 -29.36741439]
[ -2.27358731 -29.30073175]
[ -2.14153366 -29.23295505]
[ -2.00940207 -29.16407817]
[ -1.87719695 -29.09409495]
[ -1.74492273 -29.02299914]
[ -1.61258395 -28.95078441]
[ -1.48018522 -28.87744437]
[ -1.34773121 -28.80297253]
[ -1.21522668 -28.72736234]
[ -1.08267649 -28.65060715]
[ -0.95008555 -28.57270026]
[ -0.81745888 -28.49363485]
[ -0.68480158 -28.41340404]
[ -0.55211885 -28.33200086]
[ -0.41941596 -28.24941824]
[ -0.28669831 -28.16564905]
[ -0.15397136 -28.08068603]
[-2.12407078e-02 -2.79945219e+01]
[  0.11148798 -27.90714914]
[  0.2442089  -27.81856033]
[  0.37691616 -27.72874782]
[  0.50960376 -27.63770392]
[  0.64226556 -27.54542081]
[  0.77489532 -27.45189059]
[  0.90748668 -27.35710526]
[  1.04003315 -27.2610567 ]
[  1.17252811 -27.1637367 ]
[  1.30496481 -27.06513694]
[  1.43733638 -26.965249  ]
[  1.56963578 -26.86406432]
[  1.70185586 -26.76157428]
[  1.8339893  -26.65777009]
[  1.96602863 -26.55264289]
[  2.09796624 -26.44618368]
[  2.22979435 -26.33838335]
[  2.36150501 -26.22923266]
[  2.49309012 -26.11872227]
[  2.62454139 -26.00684269]
[  2.75585035 -25.89358431]
[  2.88700836 -25.77893741]
[  3.01800657 -25.66289212]
[  3.14883596 -25.54543844]
[  3.27948729 -25.42656626]
[  3.40995111 -25.30626529]
[  3.54021777 -25.18452514]
[  3.6702774  -25.06133527]
[  3.8001199 -24.936685 ]
[  3.92973493 -24.81056348]
[  4.05911192 -24.68295975]
[  4.18824006 -24.55386268]
[  4.31710825 -24.42326099]
[  4.44570517 -24.29114327]
[  4.57401921 -24.15749792]
[  4.70203847 -24.0223132 ]
[  4.82975078 -23.88557722]
[  4.95714366 -23.74727791]
[  5.08420433 -23.60740304]
[  5.21091969 -23.46594023]
[  5.33727631 -23.32287692]
[  5.46326043 -23.17820038]
[  5.58885794 -23.03189769]
[  5.71405436 -22.8839558 ]
[  5.83883485 -22.73436143]
[  5.96318418 -22.58310117]
[  6.08708673 -22.43016139]
[  6.21052646 -22.2755283 ]
[  6.33348691 -22.11918793]
[  6.45595119 -21.9611261 ]
[  6.57790195 -21.80132846]
[  6.69932137 -21.63978046]
[  6.82019115 -21.47646737]
[  6.94049248 -21.31137426]
[  7.06020605 -21.144486  ]
[  7.179312   -20.97578728]
[  7.2977899  -20.80526258]
[  7.41561878 -20.63289619]
[  7.53277706 -20.45867219]
[  7.64924252 -20.28257448]
[  7.76499234 -20.10458674]
[  7.88000302 -19.92469246]
[  7.99425036 -19.74287494]
[  8.10770948 -19.55911727]
[  8.22035474 -19.37340235]
[  8.33215974 -19.18571286]
[  8.44309731 -18.99603132]
[  8.55313942 -18.80434003]
[  8.66225723 -18.6106211 ]
[  8.77042099 -18.41485647]
[  8.87760003 -18.21702787]
[  8.98376275 -18.01711687]
[  9.08887655 -17.81510485]
[  9.19290779 -17.610973  ]
[  9.29582179 -17.40470238]
[  9.39758274 -17.19627386]
[  9.49815371 -16.98566817]
[  9.59749655 -16.77286588]
[  9.69557187 -16.55784742]
[  9.79233901 -16.3405931 ]
[  9.88775595 -16.12108311]
[  9.9817793  -15.89929752]
[ 10.07436418 -15.6752163 ]
[ 10.16546426 -15.44881934]
[ 10.2550316  -15.22008644]
[ 10.34301665 -14.98899735]
[ 10.42936817 -14.75553176]
[ 10.51403314 -14.51966931]
[ 10.59695672 -14.28138962]
[ 10.67808218 -14.04067227]
[ 10.75735079 -13.79749684]
[ 10.83470175 -13.55184286]
[ 10.91007213 -13.30368985]
[ 10.98339677 -13.05301728]
[ 11.05460818 -12.79980452]
[ 11.12363647 -12.54403083]
[ 11.19040924 -12.28567522]
[ 11.25485147 -12.02471636]
[ 11.31688545 -11.76113237]
[ 11.37643064 -11.49490053]
[ 11.43340359 -11.2259969 ]
[ 11.4877178  -10.95439562]
[ 11.53928364 -10.68006807]
[ 11.58800818 -10.40298137]
[ 11.63379514 -10.12309625]
[11.6765447  -9.84036351]
[11.71615343 -9.5547183 ]
[11.75251412 -9.26607033]
[11.78551569 -8.97428636]
[11.81504304 -8.67915666]
[11.84097694 -8.38032576]
[11.86319389 -8.07713285]
[11.88156599 -7.76818403]
[11.89596088 -7.44990403]
[11.90624154 -7.10893758]
[11.91226627         nan]
[11.91388854         nan]
[11.91095694 -6.79634545]
[11.9033151  -7.22595802]
[11.89080165 -7.57619249]
[11.87325023 -7.91709162]
[11.85048942 -8.25731279]
[11.82234286 -8.59954174]
[11.78862927 -8.94490397]
[11.74916257 -9.29395458]
[11.70375207 -9.64699438]
[ 11.65220268 -10.00419346]
[ 11.59431518 -10.36564632]
[ 11.52988662 -10.73139875]
[ 11.45871069 -11.10146183]
[ 11.38057833 -11.47581944]
[ 11.29527831 -11.85443225]
[ 11.20259797 -12.23723977]
[ 11.10232412 -12.62416122]
[ 10.99424401 -13.01509565]
[ 10.87814647 -13.40992166]
[ 10.75382321 -13.80849667]
[ 10.62107024 -14.21065621]
[ 10.47968948 -14.61621291]
[ 10.32949056 -15.02495555]
[ 10.17029272 -15.4366481 ]
[ 10.0019269  -15.85102881]
[  9.824238   -16.26780941]
[  9.63708725 -16.68667448]
[  9.44035466 -17.10728098]
[  9.2339416  -17.52925812]
[  9.01777342 -17.95220748]
[  8.79180197 -18.37570343]
[  8.55600821 -18.79929409]
[  8.31040456 -19.22250259]
[  8.05503718 -19.64482882]
[  7.78998788 -20.06575175]
[  7.5153758  -20.48473209]
[  7.23135864 -20.90121557]
[  6.93813343 -21.3146366 ]
[  6.63593677 -21.72442231]
[  6.32504458 -22.12999702]
[  6.00577111 -22.53078693]
[  5.67846746 -22.92622496]
[  5.34351946 -23.31575571]
[  5.00134497 -23.69884032]
[  4.65239064 -24.07496121]
[  4.29712827 -24.44362655]
[  3.93605071 -24.80437427]
[  3.56966755 -25.1567757 ]
[  3.19850064 -25.50043858]
[  2.8230795  -25.83500949]
[  2.4439368  -26.16017567]
[  2.06160396 -26.47566612]
[  1.67660707 -26.78125209]
[  1.28946294 -27.07674699]
[  0.9006757  -27.36200566]
[  0.51073373 -27.6369232 ]
[  0.12010698 -27.90143331]
[ -0.27075514 -28.15550627]
[ -0.66142554 -28.39914668]
[ -1.05150073 -28.63239089]
[ -1.44060167 -28.85530439]
[ -1.82837434 -29.06797908]
[ -2.21448987 -29.27053045]
[ -2.59864442 -29.46309494]
[ -2.98055879 -29.64582723]
[ -3.35997783 -29.81889772]
[ -3.73666964 -29.98249012]
[ -4.11042467 -30.13679921]
[ -4.48105471 -30.2820287 ]
[ -4.84839175 -30.41838935]
[ -5.21228688 -30.5460972 ]
[ -5.5726091  -30.66537201]
[ -5.92924413 -30.77643584]
[ -6.28209329 -30.87951176]
[ -6.63107232 -30.97482284]
[ -6.97611029 -31.06259108]
[ -7.31714853 -31.14303667]
[ -7.65413961 -31.21637723]
[ -7.9870464  -31.28282724]
[ -8.31584113 -31.3425975 ]
[ -8.64050453 -31.39589475]
[ -8.96102507 -31.44292135]
[ -9.27739816 -31.48387496]
[ -9.58962549 -31.51894841]
[ -9.8977144  -31.54832949]
[-10.20167725 -31.57220088]
[-10.50153091 -31.5907401 ]
[-10.79729624 -31.60411948]
[-11.08899765 -31.61250615]
[-11.37666264 -31.61606209]
[-11.66032149 -31.61494419]
[-11.94000685 -31.60930428]
[-12.21575342 -31.59928928]
[-12.48759772 -31.58504125]
[-12.75557779 -31.5666975 ]
[-13.01973293 -31.54439076]
[-13.28010355 -31.5182492 ]
[-13.53673093 -31.48839666]
[-13.78965706 -31.45495272]
[-14.03892448 -31.41803281]
[-14.28457616 -31.37774842]
[-14.52665534 -31.33420713]
[-14.76520545 -31.28751281]
[-15.00027    -31.23776574]
[-15.23189249 -31.18506269]
[-15.46011631 -31.12949707]
[-15.6849847  -31.07115908]
[-15.9065407  -31.01013578]
[-16.12482704 -30.94651121]
[-16.33988614 -30.88036655]
[-16.55176005 -30.81178014]
[-16.76049041 -30.74082767]
[-16.96611844 -30.66758224]
[-17.16868488 -30.59211446]
[-17.36823    -30.51449253]
[-17.56479356 -30.43478238]
[-17.75841479 -30.35304768]
[-17.9491324  -30.26935001]
[-18.13698454 -30.18374886]
[-18.32200883 -30.09630179]
[-18.5042423  -30.00706441]
[-18.68372143 -29.91609055]
[-18.86048215 -29.82343225]
[-19.0345598  -29.72913987]
[-19.20598916 -29.63326214]
[-19.37480444 -29.53584621]
[-19.54103929 -29.43693774]
[-19.7047268  -29.33658093]
[-19.8658995  -29.23481857]
[-20.02458936 -29.13169211]
[-20.18082782 -29.02724171]
[-20.33464578 -28.92150625]
[-20.48607357 -28.81452343]
[-20.63514104 -28.70632979]
[-20.7818775  -28.59696072]
[-20.92631172 -28.48645056]
[-21.06847201 -28.37483258]
[-21.20838615 -28.26213906]
[-21.34608145 -28.14840131]
[-21.48158471 -28.0336497 ]
[-21.61492228 -27.91791368]
[-21.74612005 -27.80122184]
[-21.87520341 -27.68360193]
[-22.00219736 -27.56508085]
[-22.12712641 -27.44568476]
[-22.25001466 -27.325439  ]
[-22.37088578 -27.20436821]
[-22.48976301 -27.0824963 ]
[-22.60666922 -26.95984649]
[-22.72162683 -26.83644131]
[-22.83465789 -26.71230266]
[-22.94578407 -26.58745179]
[-23.05502666 -26.46190936]
[-23.16240657 -26.33569539]
[-23.26794434 -26.20882937]
[-23.37166019 -26.08133019]
[-23.47357395 -25.95321621]
[-23.57370513 -25.82450524]
[-23.67207291 -25.69521458]
[-23.76869613 -25.56536102]
[-23.86359331 -25.43496086]
[-23.95678266 -25.30402988]
[-24.04828208 -25.17258343]
[-24.13810918 -25.04063637]
[-24.22628126 -24.9082031 ]
[-24.31281533 -24.77529757]
[-24.39772813 -24.64193329]
[-24.48103612 -24.50812334]
[-24.56275546 -24.37388035]
[-24.64290209 -24.23921653]
[-24.72149166 -24.10414367]
[-24.79853957 -23.96867313]
[-24.87406097 -23.83281585]
[-24.94807076 -23.69658235]
[-25.02058362 -23.55998271]
[-25.09161397 -23.4230266 ]
[-25.16117602 -23.28572326]
[-25.22928374 -23.14808147]
[-25.29595088 -23.0101096 ]
[-25.36119098 -22.87181554]
[-25.42501737 -22.73320671]
[-25.48744317 -22.59429008]
[-25.54848128 -22.45507208]
[-25.60814443 -22.31555866]
[-25.66644514 -22.17575522]
[-25.72339572 -22.03566658]
[-25.77900832 -21.89529697]
[-25.8332949  -21.75464999]
[-25.88626723 -21.61372856]
[-25.9379369  -21.47253487]
[-25.98831535 -21.33107034]
[-26.03741383 -21.18933553]
[-26.08524342 -21.0473301 ]
[-26.13181505 -20.90505268]
[-26.17713948 -20.7625008 ]
[-26.22122732 -20.61967077]
[-26.26408902 -20.47655753]
[-26.30573489 -20.33315449]
[-26.34617508 -20.18945336]
[-26.38541959 -20.04544391]
[-26.42347829 -19.90111368]
[-26.46036091 -19.75644774]
[-26.49607703 -19.61142822]
[-26.53063611 -19.46603393]
[-26.56404747 -19.32023977]
[-26.5963203  -19.17401606]
[-26.62746366 -19.02732774]
[-26.6574865  -18.88013333]
[-26.68639763 -18.73238367]
[-26.71420574 -18.58402029]
[-26.74091942 -18.4349734 ]
[-26.76654713 -18.28515926]
[-26.79109722 -18.13447672]
[-26.81457791 -17.9828027 ]
[-26.83699735 -17.82998608]
[-26.85836354 -17.67583934]
[-26.87868441 -17.52012685]
[-26.89796776 -17.36254816]
[-26.9162213  -17.20271328]
[-26.93345264 -17.04010517]
[-26.94966928 -16.87402014]
[-26.96487865 -16.70346874]
[-26.97908804 -16.52700001]
[-26.9923047  -16.34236362]
[-27.00453575 -16.14578353]
[-27.01578823 -15.93011665]
[-27.0260691  -15.67870406]
[-27.03538522 -15.32660188]
[-27.04374338          nan]
[-27.05115027          nan]
[-27.05761251          nan]
[-27.06313662          nan]
[-27.06772907          nan]
[-27.07139623          nan]
[-27.07414439          nan]
[-27.07597978          nan]
[-27.07690855          nan]
[-27.07693677          nan]
[-27.07607044          nan]
[-27.07431549          nan]
[-27.07167779          nan]
[-27.06816312          nan]
[-27.06377722          nan]
[-27.05852575          nan]
[-27.05241429          nan]
[-27.04544838          nan]
[-27.03763348 -15.1706117 ]
[-27.02897501 -15.58992246]
[-27.01947829 -15.84805711]
[-27.00914862 -16.06250188]
[-26.99799122 -16.25472336]
[-26.98601126 -16.43321798]
[-26.97321384 -16.60230336]
[-26.95960402 -16.76449248]
[-26.94518679 -16.92138079]
[-26.9299671  -17.07404479]
[-26.91394984 -17.22324452]
[-26.89713983 -17.36953574]
[-26.87954187 -17.5133364 ]
[-26.86116069 -17.65496814]
[-26.84200096 -17.79468327]
[-26.82206733 -17.93268296]
[-26.80136436 -18.06912989]
[-26.77989661 -18.20415724]
[-26.75766855 -18.33787517]
[-26.73468462 -18.47037572]
[-26.71094923 -18.60173639]
[-26.68646671 -18.73202298]
[-26.66124139 -18.86129172]
[-26.6352775  -18.98959094]
[-26.60857929 -19.11696247]
[-26.58115091 -19.24344263]
[-26.5529965  -19.36906315]
[-26.65423738 -10.82293298]
[-26.68019978 -10.96578334]
[-26.70508275 -11.10757827]
[-26.72889457 -11.24824999]
[-26.75164338 -11.3877212 ]
[-26.77333725 -11.52590339]
[-26.7939841  -11.66269478]
[-26.81359177 -11.79797779]
[-26.832168   -11.93161603]
[-26.84972042 -12.06345055]
[-26.86625656 -12.19329541]
[-26.88178386 -12.32093213]
[-26.89630967 -12.44610305]
[-26.90984122 -12.56850335]
[-26.92238568 -12.6877714 ]
[-26.93395011 -12.80347745]
[-26.94454148 -12.91511069]
[-26.95416669 -13.02206485]
[-26.96283253 -13.12362352]
[-26.97054573 -13.21894675]
[-26.97731291 -13.30706258]
[-26.98314064 -13.3868684 ]
[-26.98803538 -13.45714969]
[-26.99200353 -13.51662425]
[-26.99505141 -13.56401889]
[-26.99718525 -13.59817877]
[-26.99841123 -13.61819737]
[-26.99873543 -13.62354117]
[-26.99816387 -13.61413442]
[-26.9967025 -13.5903763]
[-26.99435721 -13.55308414]
[-26.9911338  -13.50338174]
[-26.98703801 -13.44256611]
[-26.98207551 -13.37198467]
[-26.97625192 -13.29294174]
[-26.96957279 -13.20663947]
[-26.96204358 -13.1141485 ]
[-26.95366973 -13.01640018]
[-26.94445659 -12.91419202]
[-26.93440946 -12.80820025]
[-26.92353357 -12.69899502]
[-26.91183411 -12.58705576]
[-26.89931619 -12.47278552]
[-26.88598488 -12.3565235 ]
[-26.8718452  -12.23855592]
[-26.85690209 -12.11912499]
[-26.84116046 -11.99843643]
[-26.82462516 -11.87666571]
[-26.80730097 -11.75396311]
[-26.78919265 -11.63045787]
[-26.77030488 -11.50626165]
[-26.75064231 -11.38147134]
[-26.73020954 -11.25617136]
[-26.7090111  -11.13043559]
[-26.6870515  -11.00432894]
[-26.66433519 -10.87790868]
[-26.64086657 -10.75122556]
[-26.61665    -10.62432469]
[-26.5916898  -10.49724632]
[-26.56599023 -10.37002652]
[-26.53955553 -10.24269772]
[-26.51238988 -10.11528917]
[-26.48449741  -9.98782732]
[-26.45588223  -9.86033621]
[-26.42654841  -9.73283774]
[-26.39649995  -9.60535189]
[-26.36574084  -9.477897  ]
[-26.33427502  -9.3504899 ]
[-26.30210639  -9.22314613]
[-26.26923881  -9.09588002]
[-26.23567612  -8.96870486]
[-26.20142209  -8.84163299]
[-26.16648049  -8.71467593]
[-26.13085504  -8.5878444 ]
[-26.09454941  -8.46114846]
[-26.05756725  -8.33459751]
[-26.01991218  -8.20820044]
[-25.98158778  -8.08196557]
[-25.94259759  -7.95590079]
[-25.90294512  -7.83001357]
[-25.86263387  -7.70431096]
[-25.82166728  -7.57879969]
[-25.78004876  -7.45348614]
[-25.73778171  -7.32837641]
[-25.69486949  -7.20347632]
[-25.65131541  -7.07879143]
[-25.60712279  -6.95432708]
[-25.56229488  -6.83008839]
[-25.51683493  -6.70608028]
[-25.47074614  -6.5823075 ]
[-25.42403172  -6.45877462]
[-25.3766948   -6.33548605]
[-25.32873851  -6.21244605]
[-25.28016597  -6.08965876]
[-25.23098025  -5.96712819]
[-25.1811844   -5.84485823]
[-25.13078143  -5.72285264]
[-25.07977436  -5.60111511]
[-25.02816616  -5.47964922]
[-24.97595977  -5.35845846]
[-24.92315813  -5.23754622]
[-24.86976413  -5.11691585]
[-24.81578065  -4.99657059]
[-24.76121056  -4.87651363]
[-24.70605667  -4.75674809]
[-24.65032181  -4.63727702]
[-24.59400876  -4.51810343]
[-24.53712029  -4.39923027]
[-24.47965914  -4.28066043]
[-24.42162804  -4.16239676]
[-24.36302968  -4.04444206]
[-24.30386676  -3.9267991 ]
[-24.24414193  -3.8094706 ]
[-24.18385783  -3.69245924]
[-24.1230171   -3.57576766]
[-24.06162232  -3.45939849]
[-23.99967608  -3.3433543 ]
[-23.93718096  -3.22763765]
[-23.87413949  -3.11225106]
[-23.8105542   -2.99719703]
[-23.74642761  -2.88247803]
[-23.6817622   -2.76809651]
[-23.61656045  -2.6540549 ]
[-23.55082482  -2.5403556 ]
[-23.48455775  -2.42700099]
[-23.41776165  -2.31399345]
[-23.35043895  -2.20133532]
[-23.28259202  -2.08902894]
[-23.21422325  -1.97707661]
[-23.14533499  -1.86548065]
[-23.07592959  -1.75424333]
[-23.00600938  -1.64336694]
[-22.93557666  -1.53285373]
[-22.86463374  -1.42270597]
[-22.7931829   -1.31292588]
[-22.72122641  -1.2035157 ]
[-22.64876653  -1.09447765]
[-22.57580549  -0.98581394]
[-22.50234553  -0.87752679]
[-22.42838886  -0.76961838]
[-22.35393768  -0.6620909 ]
[-22.27899418  -0.55494655]
[-22.20356054  -0.4481875 ]
[-22.12763891  -0.34181592]
[-22.05123145  -0.23583399]
[-21.9743403   -0.13024387]
[-21.89696758  -0.02504772]
[-21.81911541   0.07975229]
[-21.74078589   0.18415402]
[-21.66198111   0.28815531]
[-21.58270315   0.391754  ]
[-21.50295408   0.49494794]
[-21.42273597   0.59773499]
[-21.34205085   0.70011299]
[-21.26090077   0.8020798 ]
[-21.17928776   0.90363326]
[-21.09721382   1.00477123]
[-21.01468098   1.10549155]
[-20.93169122   1.20579207]
[-20.84824655   1.30567063]
[-20.76434892   1.40512509]
[-20.68000033   1.50415328]
[-20.59520273   1.60275303]
[-20.50995806   1.70092219]
[-20.42426829   1.79865859]
[-20.33813534   1.89596006]
[-20.25156114   1.99282441]
[-20.16454761   2.08924948]
[-20.07709667   2.18523308]
[-19.98921021   2.28077301]
[-19.90089015   2.37586709]
[-19.81213836   2.47051311]
[-19.72295674   2.56470888]
[-19.63334715   2.65845217]
[-19.54331147   2.75174078]
[-19.45285156   2.84457247]
[-19.36196928   2.93694502]
[-19.27066648   3.02885619]
[-19.17894501   3.12030374]
[-19.0868067    3.21128541]
[-18.99425339   3.30179893]
[-18.90128691   3.39184206]
[-18.80790907   3.48141249]
[-18.7141217    3.57050796]
[-18.61992661   3.65912616]
[-18.52532562   3.74726479]
[-18.43032051   3.83492154]
[-18.3349131    3.92209408]
[-18.23910517   4.00878008]
[-18.14289853   4.0949772 ]
[-18.04629495   4.18068308]
[-17.94929622   4.26589536]
[-17.85190412   4.35061166]
[-17.75412043   4.4348296 ]
[-17.65594692   4.51854677]
[-17.55738537   4.60176076]
[-17.45843754   4.68446916]
[-17.35910519   4.76666952]
[-17.2593901    4.84835941]
[-17.15929402   4.92953635]
[-17.05881871   5.01019787]
[-16.95796593   5.09034149]
[-16.85673743   5.16996471]
[-16.75513497   5.24906501]
[-16.65316031   5.32763986]
[-16.55081519   5.40568672]
[-16.44810136   5.48320302]
[-16.34502058   5.56018621]
[-16.2415746    5.63663367]
[-16.13776516   5.71254282]
[-16.03359402   5.78791103]
[-15.92906292   5.86273567]
[-15.82417361   5.93701407]
[-15.71892785   6.01074358]
[-15.61332739   6.0839215 ]
[-15.50737397   6.15654512]
[-15.40106935   6.22861174]
[-15.29441529   6.3001186 ]
[-15.18741354   6.37106295]
[-15.08006586   6.44144201]
[-14.97237401   6.51125298]
[-14.86433974   6.58049305]
[-14.75596483   6.64915939]
[-14.64725104   6.71724914]
[-14.53820014   6.78475942]
[-14.4288139    6.85168735]
[-14.3190941   6.91803  ]
[-14.20904252   6.98378444]
[-14.09866094   7.0489477 ]
[-13.98795114   7.11351682]
[-13.87691492   7.17748878]
[-13.76555408   7.24086056]
[-13.65387041   7.30362912]
[-13.54186572   7.36579138]
[-13.42954181   7.42734425]
[-13.31690051   7.48828461]
[-13.20394364   7.54860931]
[-13.09067302   7.6083152 ]
[-12.97709048   7.66739907]
[-12.86319787   7.7258577 ]
[-12.74899704   7.78368787]
[-12.63448983   7.84088628]
[-12.5196781    7.89744966]
[-12.40456373   7.95337467]
[-12.2891486    8.00865796]
[-12.17343458   8.06329616]
[-12.05742357   8.11728585]
[-11.94111747   8.1706236 ]
[-11.82451819   8.22330595]
[-11.70762765   8.2753294 ]
[-11.59044778   8.32669042]
[-11.47298052   8.37738547]
[-11.35522783   8.42741095]
[-11.23719165   8.47676325]
[-11.11887396   8.52543871]
[-11.00027675   8.57343366]
[-10.88140201   8.62074438]
[-10.76225175   8.66736712]
[-10.64282798   8.7132981 ]
[-10.52313273   8.75853351]
[-10.40316806   8.80306949]
[-10.28293602   8.84690215]
[-10.16243867   8.89002758]
[-10.04167812   8.93244181]
[-9.92065645  8.97414085]
[-9.79937579  9.01512066]
[-9.67783826  9.05537718]
[-9.55604602  9.09490628]
[-9.43400122  9.13370383]
[-9.31170605  9.17176562]
[-9.18916271  9.20908744]
[-9.06637341  9.245665  ]
[-8.94334038  9.28149399]
[-8.82006588  9.31657007]
[-8.69655218  9.35088881]
[-8.57280157  9.38444579]
[-8.44881636  9.41723652]
[-8.32459888  9.44925646]
[-8.20015149  9.48050102]
[-8.07547656  9.5109656 ]
[-7.95057649  9.54064551]
[-7.82545369  9.56953603]
[-7.70011062  9.5976324 ]
[-7.57454973  9.62492978]
[-7.44877353  9.65142332]
[-7.32278452  9.67710809]
[-7.19658526  9.70197912]
[-7.0701783   9.72603137]
[-6.94356625  9.74925978]
[-6.81675173  9.77165921]
[-6.6897374   9.79322446]
[-6.56252593  9.81395029]
[-6.43512004  9.8338314 ]
[-6.30752247  9.85286242]
[-6.179736    9.87103794]
[-6.05176342  9.88835248]
[-5.92360759  9.90480048]
[-5.79527137  9.92037636]
[-5.66675767  9.93507444]
[-5.53806944  9.94888898]
[-5.40920965  9.96181421]
[-5.28018132  9.97384424]
[-5.1509875   9.98497316]
[-5.02163129  9.99519497]
[-4.89211583 10.00450359]
[-4.76244428 10.01289289]
[-4.63261986 10.02035666]
[-4.50264583 10.02688862]
[-4.37252551 10.0324824 ]
[-4.24226222 10.03713158]
[-4.11185938 10.04082964]
[-3.98132042 10.04357   ]
[-3.85064883 10.04534599]
[-3.71984816 10.04615085]
[-3.58892199 10.04597776]
[-3.45787397 10.04481981]
[-3.32670779 10.04266998]
[-3.19542722 10.0395212 ]
[-3.06403605 10.03536628]
[-2.93253816 10.03019797]
[-2.80093746 10.02400891]
[-2.66923795 10.01679164]
[-2.53744367 10.00853862]
[-2.40555873  9.99924221]
[-2.27358731  9.98889468]
[-2.14153366  9.97748818]
[-2.00940207  9.96501477]
[-1.87719695  9.95146641]
[-1.74492273  9.93683495]
[-1.61258395  9.92111214]
[-1.48018522  9.9042896 ]
[-1.34773121  9.88635887]
[-1.21522668  9.86731134]
[-1.08267649  9.84713832]
[-0.95008555  9.82583098]
[-0.81745888  9.80338038]
[-0.68480158  9.77977745]
[-0.55211885  9.75501301]
[-0.41941596  9.72907773]
[-0.28669831  9.70196218]
[-0.15397136  9.67365678]
[-0.02124071  9.64415181]
[0.11148798 9.61343744]
[0.2442089  9.58150366]
[0.37691616 9.54834037]
[0.50960376 9.51393728]
[0.64226556 9.47828397]
[0.77489532 9.44136988]
[0.90748668 9.40318428]
[1.04003315 9.3637163 ]
[1.17252811 9.32295488]
[1.30496481 9.28088884]
[1.43733638 9.23750681]
[1.56963578 9.19279724]
[1.70185586 9.14674843]
[1.8339893  9.09934851]
[1.96602863 9.0505854 ]
[2.09796624 9.00044685]
[2.22979435 8.94892044]
[2.36150501 8.89599355]
[2.49309012 8.84165335]
[2.62454139 8.78588682]
[2.75585035 8.72868076]
[2.88700836 8.67002173]
[3.01800657 8.6098961 ]
[3.14883596 8.54829002]
[3.27948729 8.48518942]
[3.40995111 8.42058   ]
[3.54021777 8.35444724]
[3.6702774  8.28677637]
[3.8001199  8.21755241]
[3.92973493 8.14676011]
[4.05911192 8.07438399]
[4.18824006 8.00040829]
[4.31710825 7.92481702]
[4.44570517 7.84759391]
[4.57401921 7.76872242]
[4.70203847 7.68818573]
[4.82975078 7.60596674]
[4.95714366 7.52204807]
[5.08420433 7.43641204]
[5.21091969 7.34904066]
[5.33727631 7.25991563]
[5.46326043 7.16901837]
[5.58885794 7.07632993]
[5.71405436 6.98183106]
[5.83883485 6.88550218]
[5.96318418 6.78732334]
[6.08708673 6.68727428]
[6.21052646 6.58533434]
[6.33348691 6.48148252]
[6.45595119 6.37569744]
[6.57790195 6.26795735]
[6.69932137 6.15824008]
[6.82019115 6.04652309]
[6.94049248 5.93278343]
[7.06020605 5.81699772]
[7.179312   5.69914216]
[7.2977899  5.57919254]
[7.41561878 5.45712417]
[7.53277706 5.33291193]
[7.64924252 5.20653023]
[7.76499234 5.07795302]
[7.88000302 4.94715375]
[7.99425036 4.81410539]
[8.10770948 4.67878041]
[8.22035474 4.54115076]
[8.33215974 4.40118786]
[8.44309731 4.25886262]
[8.55313942 4.11414539]
[8.66225723 3.96700596]
[8.77042099 3.81741357]
[8.87760003 3.66533687]
[8.98376275 3.51074391]
[9.08887655 3.35360218]
[9.19290779 3.19387851]
[9.29582179 3.03153915]
[9.39758274 2.86654968]
[9.49815371 2.69887507]
[9.59749655 2.52847959]
[9.69557187 2.35532689]
[9.79233901 2.1793799 ]
[9.88775595 2.00060087]
[9.9817793  1.81895135]
[10.07436418  1.63439216]
[10.16546426  1.44688341]
[10.2550316   1.25638443]
[10.34301665  1.06285383]
[10.42936817  0.86624941]
[10.51403314  0.66652819]
[10.59695672  0.46364638]
[10.67808218  0.25755933]
[10.75735079  0.04822156]
[10.83470175 -0.16441334]
[10.91007213 -0.38039274]
[10.98339677 -0.59976497]
[11.05460818 -0.82257946]
[11.12363647 -1.0488868 ]
[11.19040924 -1.27873889]
[11.25485147 -1.51218907]
[11.31688545 -1.7492924 ]
[11.37643064 -1.99010597]
[11.43340359 -2.23468937]
[11.4877178  -2.48310535]
[11.53928364 -2.73542082]
[11.58800818 -2.9917083 ]
[11.63379514 -3.25204818]
[11.6765447  -3.51653227]
[11.71615343 -3.78526957]
[11.75251412 -4.05839611]
[11.78551569 -4.33609259]
[11.81504304 -4.61861785]
[11.84097694 -4.90637826]
[11.86319389 -5.20008735]
[11.88156599 -5.50119359]
[11.89596088 -5.8133288 ]
[11.90624154 -6.1499067 ]
[11.91226627         nan]
[11.91388854         nan]
[11.91095694 -6.46048596]
[11.9033151  -6.03413549]
[11.89080165 -5.68924268]
[11.87325023 -5.35583578]
[11.85048942 -5.0253306 ]
[11.82234286 -4.69511667]
[11.78862927 -4.36414588]
[11.74916257 -4.03194256]
[11.70375207 -3.6982873 ]
[11.65220268 -3.36309328]
[11.59431518 -3.02635106]
[11.52988662 -2.68810148]
[11.45871069 -2.34842151]
[11.38057833 -2.00741653]
[11.29527831 -1.66521604]
[11.20259797 -1.3219713 ]
[11.10232412 -0.9778541 ]
[10.99424401 -0.63305619]
[10.87814647 -0.28778915]
[10.75382321  0.05771557]
[10.62107024  0.40320639]
[10.47968948  0.74841139]
[10.32949056  1.09303809]
[10.17029272  1.43677331]
[10.0019269   1.77928312]
[9.824238   2.12021304]
[9.63708725 2.45918841]
[9.44035466 2.79581499]
[9.2339416  3.12967988]
[9.01777342 3.46035277]
[8.79180197 3.78738751]
[8.55600821 4.11032407]
[8.31040456 4.42869088]
[8.05503718 4.74200755]
[7.78998788 5.04978796]
[7.5153758  5.35154369]
[7.23135864 5.64678779]
[6.93813343 5.93503874]
[6.63593677 6.21582472]
[6.32504458 6.4886878 ]
[6.00577111 6.75318834]
[5.67846746 7.00890912]
[5.34351946 7.25545945]
[5.00134497 7.49247885]
[4.65239064 7.7196404 ]
[4.29712827 7.93665366]
[3.93605071 8.14326694]
[3.56966755 8.33926912]
[3.19850064 8.52449069]
[2.8230795  8.69880428]
[2.4439368 8.8621245]
[2.06160396 9.0144072 ]
[1.67660707 9.15564821]
[1.28946294 9.28588155]
[0.9006757  9.40517726]
[0.51073373 9.51363892]
[0.12010698 9.61140083]
[-0.27075514  9.69862512]
[-0.66142554  9.77549869]
[-1.05150073  9.84223016]
[-1.44060167  9.89904679]
[-1.82837434  9.94619161]
[-2.21448987  9.98392051]
[-2.59864442 10.01249961]
[-2.98055879 10.03220278]
[-3.35997783 10.04330935]
[-3.73666964 10.04610202]
[-4.11042467 10.04086499]
[-4.48105471 10.02788235]
[-4.84839175 10.00743656]
[-5.21228688  9.97980724]
[-5.5726091   9.94527005]
[-5.92924413  9.90409584]
[-6.28209329  9.85654982]
[-6.63107232  9.802891  ]
[-6.97611029  9.74337169]
[-7.31714853  9.67823711]
[-7.65413961  9.60772512]
[-7.9870464   9.53206604]
[-8.31584113  9.45148255]
[-8.64050453  9.36618961]
[-8.96102507  9.2763945 ]
[-9.27739816  9.18229683]
[-9.58962549  9.08408871]
[-9.8977144   8.98195481]
[-10.20167725   8.87607252]
[-10.50153091   8.76661217]
[-10.79729624   8.65373718]
[-11.08899765   8.53760426]
[-11.37666264   8.41836364]
[-11.66032149   8.2961593 ]
[-11.94000685   8.17112913]
[-12.21575342   8.04340523]
[-12.48759772   7.91311408]
[-12.75557779   7.78037676]
[-13.01973293   7.64530919]
[-13.28010355   7.50802232]
[-13.53673093   7.36862236]
[-13.78965706   7.22721096]
[-14.03892448   7.08388541]
[-14.28457616   6.93873882]
[-14.52665534   6.79186036]
[-14.76520545   6.64333533]
[-15.00027      6.49324543]
[-15.23189249   6.34166888]
[-15.46011631   6.18868058]
[-15.6849847    6.03435223]
[-15.9065407    5.87875255]
[-16.12482704   5.72194734]
[-16.33988614   5.56399964]
[-16.55176005   5.40496989]
[-16.76049041   5.24491597]
[-16.96611844   5.08389339]
[-17.16868488   4.92195536]
[-17.36823      4.75915292]
[-17.56479356   4.59553499]
[-17.75841479   4.43114853]
[-17.9491324    4.26603857]
[-18.13698454   4.10024833]
[-18.32200883   3.93381929]
[-18.5042423    3.76679128]
[-18.68372143   3.59920254]
[-18.86048215   3.43108978]
[-19.0345598    3.26248826]
[-19.20598916   3.09343188]
[-19.37480444   2.92395319]
[-19.54103929   2.75408348]
[-19.7047268    2.58385281]
[-19.8658995   2.4132901]
[-20.02458936   2.24242315]
[-20.18082782   2.07127869]
[-20.33464578   1.89988243]
[-20.48607357   1.72825911]
[-20.63514104   1.55643251]
[-20.7818775    1.38442554]
[-20.92631172   1.21226024]
[-21.06847201   1.0399578 ]
[-21.20838615   0.86753865]
[-21.34608145   0.69502244]
[-21.48158471   0.52242808]
[-21.61492228   0.34977378]
[-21.74612005   0.1770771 ]
[-2.18752034e+01  4.35492002e-03]
[-22.00219736  -0.1683765 ]
[-22.12712641  -0.3411015 ]
[-22.25001466  -0.51380499]
[-22.37088578  -0.68647245]
[-22.48976301  -0.8590899 ]
[-22.60666922  -1.03164387]
[-22.72162683  -1.2041214 ]
[-22.83465789  -1.37651001]
[-22.94578407  -1.5487977 ]
[-23.05502666  -1.7209729 ]
[-23.16240657  -1.89302449]
[-23.26794434  -2.06494179]
[-23.37166019  -2.23671452]
[-23.47357395  -2.40833278]
[-23.57370513  -2.5797871 ]
[-23.67207291  -2.75106835]
[-23.76869613  -2.92216779]
[-23.86359331  -3.09307705]
[-23.95678266  -3.26378808]
[-24.04828208  -3.43429321]
[-24.13810918  -3.60458508]
[-24.22628126  -3.77465667]
[-24.31281533  -3.9445013 ]
[-24.39772813  -4.1141126 ]
[-24.48103612  -4.28348452]
[-24.56275546  -4.45261134]
[-24.64290209  -4.62148762]
[-24.72149166  -4.79010828]
[-24.79853957  -4.95846853]
[-24.87406097  -5.12656389]
[-24.94807076  -5.29439022]
[-25.02058362  -5.46194367]
[-25.09161397  -5.62922075]
[-25.16117602  -5.79621829]
[-25.22928374  -5.96293345]
[-25.29595088  -6.12936376]
[-25.36119098  -6.29550709]
[-25.42501737  -6.46136171]
[-25.48744317  -6.62692626]
[-25.54848128  -6.79219981]
[-25.60814443  -6.95718184]
[-25.66644514  -7.12187231]
[-25.72339572  -7.28627164]
[-25.77900832  -7.4503808 ]
[-25.8332949   -7.61420128]
[-25.88626723  -7.77773519]
[-25.9379369   -7.94098529]
[-25.98831535  -8.10395505]
[-26.03741383  -8.26664869]
[-26.08524342  -8.42907131]
[-26.13181505  -8.59122892]
[-26.17713948  -8.7531286 ]
[-26.22122732  -8.91477856]
[-26.26408902  -9.07618832]
[-26.30573489  -9.23736887]
[-26.34617508  -9.39833284]
[-26.38541959  -9.55909474]
[-26.42347829  -9.71967121]
[-26.46036091  -9.88008137]
[-26.49607703 -10.04034715]
[-26.53063611 -10.2004938 ]
[-26.56404747 -10.36055038]
[-26.5963203  -10.52055051]
[-26.62746366 -10.6805331 ]
[-26.6574865  -10.84054346]
[-26.68639763 -11.00063452]
[-26.71420574 -11.16086845]
[-26.74091942 -11.3213187 ]
[-26.76654713 -11.48207262]
[-26.79109722 -11.64323494]
[-26.81457791 -11.80493225]
[-26.83699735 -11.96731913]
[-26.85836354 -12.13058654]
[-26.87868441 -12.29497346]
[-26.89796776 -12.46078371]
[-26.9162213  -12.62841054]
[-26.93345264 -12.79837425]
[-26.94966928 -12.97138173]
[-26.96487865 -13.14842561]
[-26.97908804 -13.33095995]
[-26.9923047  -13.52123818]
[-27.00453575 -13.72303938]
[-27.01578823 -13.94350965]
[-27.0260691  -14.19931087]
[-27.03538522 -14.55538986]
[-27.04374338          nan]
[-27.05115027          nan]
[-27.05761251          nan]
[-27.06313662          nan]
[-27.06772907          nan]
[-27.07139623          nan]
[-27.07414439          nan]
[-27.07597978          nan]
[-27.07690855          nan]
[-27.07693677          nan]
[-27.07607044          nan]
[-27.07431549          nan]
[-27.07167779          nan]
[-27.06816312          nan]
[-27.06377722          nan]
[-27.05852575          nan]
[-27.05241429          nan]
[-27.04544838          nan]
[-27.03763348 -14.71233975]
[-27.02897501 -14.28933293]
[-27.01947829 -14.02714438]
[-27.00914862 -13.80829015]
[-26.99799122 -13.61130587]
[-26.98601126 -13.42769732]
[-26.97321384 -13.25314906]
[-26.95960402 -13.08515027]
[-26.94518679 -12.92210763]
[-26.9299671  -12.76294675]
[-26.91394984 -12.60690967]
[-26.89713983 -12.45344271]
[-26.87954187 -12.30212994]
[-26.86116069 -12.15265176]
[-26.84200096 -12.00475786]
[-26.82206733 -11.85824903]
[-26.80136436 -11.71296455]
[-26.77989661 -11.56877318]
[-26.75766855 -11.42556668]
[-26.73468462 -11.28325491]
[-26.71094923 -11.14176223]
[-26.68646671 -11.0010247 ]
[-26.66124139 -10.86098794]
[-26.6352775  -10.72160542]
[-26.60857929 -10.58283714]
[-26.58115091 -10.44464853]
[-26.5529965  -10.30700963]