Матрица наблюдений:
[1.         0.94295918 0.76423256 0.57509045]
[1.         0.131087   0.28601991 0.92221132]
[1.         0.52243507 0.55569067 0.84186994]
[1.         0.51947684 0.32626945 0.9766736 ]
[1.         0.16023995 0.88965753 0.92502741]
[1.         0.98360219 0.04682148 0.06209408]
[1.         0.33908472 0.51513268 0.36561772]
[1.00000000e+00 8.17039563e-01 5.08950649e-01 6.03315412e-04]
[1.         0.74627385 0.19682771 0.76962454]
[1.         0.71804707 0.0214104  0.52800521]
[1.         0.75649627 0.97814016 0.58813106]
[1.         0.03079575 0.36022695 0.40333874]
[1.         0.21280843 0.85021308 0.33713821]
[1.         0.65639197 0.02432248 0.74863673]
[1.         0.00499418 0.81633999 0.30411821]
[1.         0.56211323 0.67227744 0.43702409]
[1.         0.96272025 0.88311876 0.25713417]
[1.         0.80979043 0.69855407 0.53191121]
[1.         0.33261901 0.86056554 0.49058239]
[1.         0.36006173 0.27799993 0.55606708]
Матрица наблюдений + добавленные переменные для полиноминализации:
[1.         0.94295918 0.76423256 0.57509045 0.72064011]
[1.         0.131087   0.28601991 0.92221132 0.03749349]
[1.         0.52243507 0.55569067 0.84186994 0.2903123 ]
[1.         0.51947684 0.32626945 0.9766736  0.16948943]
[1.         0.16023995 0.88965753 0.92502741 0.14255868]
[1.         0.98360219 0.04682148 0.06209408 0.04605371]
[1.         0.33908472 0.51513268 0.36561772 0.17467362]
[1.00000000e+00 8.17039563e-01 5.08950649e-01 6.03315412e-04
 4.15832816e-01]
[1.         0.74627385 0.19682771 0.76962454 0.14688737]
[1.         0.71804707 0.0214104  0.52800521 0.01537367]
[1.         0.75649627 0.97814016 0.58813106 0.73995938]
[1.         0.03079575 0.36022695 0.40333874 0.01109346]
[1.         0.21280843 0.85021308 0.33713821 0.18093251]
[1.         0.65639197 0.02432248 0.74863673 0.01596508]
[1.         0.00499418 0.81633999 0.30411821 0.00407695]
[1.         0.56211323 0.67227744 0.43702409 0.37789605]
[1.         0.96272025 0.88311876 0.25713417 0.85019631]
[1.         0.80979043 0.69855407 0.53191121 0.5656824 ]
[1.         0.33261901 0.86056554 0.49058239 0.28624046]
[1.         0.36006173 0.27799993 0.55606708 0.10009714]
Столбец значений:
[1.71720969]
[0.99721086]
[1.4278983]
[1.55756907]
[1.74325396]
[0.98603385]
[0.65332084]
[1.07607033]
[1.24088049]
[0.86570779]
[1.91668789]
[0.22617522]
[0.97399057]
[1.07656221]
[0.69953241]
[1.09753744]
[1.75962019]
[1.4482616]
[1.19126105]
[0.60928753]
Линейная регрессия
Вектор квадратов разности :  [0.02204359 0.00955325 0.0033304  0.02366636 0.06651224 0.05378469
 0.01860503 0.01873641 0.007254   0.00121377 0.0017388  0.01678511
 0.0016234  0.0006052  0.00257051 0.0205489  0.00537576 0.03001494
 0.00083996 0.02929547]
Сумма квадратов разности :  0.3340977826237564
Полиноминальная регрессия
Вектор квадратов разности :  [1.28067381e-02 3.46457155e-02 4.67784473e-03 2.30756194e-02
 2.23183738e-02 1.64131036e-02 1.10110636e-02 2.54386302e-02
 1.65014516e-02 4.49083758e-03 5.65098104e-03 3.54900031e-04
 1.57423699e-04 1.54854558e-05 4.10767880e-04 1.86762365e-02
 2.44943446e-02 2.49035461e-02 5.34523651e-03 1.19806720e-02]
Сумма квадратов разности :  0.26336897203283205