Матрица наблюдений:
[1.         0.21258498 0.0018122  0.44275262 0.46721646]
[1.         0.59407202 0.02412788 0.28004865 0.95453741]
[1.         0.80224629 0.90285798 0.19970691 0.93175011]
[1.         0.82799816 0.71510427 0.43022732 0.99288528]
[1.         0.68013381 0.84668562 0.22704197 0.92040622]
[1.         0.73443672 0.1905353  0.20285912 0.73491304]
[1.         0.7432086  0.42048908 0.3536656  0.99859366]
[1.         0.8369596  0.90803822 0.93165277 0.9298823 ]
[1.         0.2155814  0.77207243 0.99598938 0.63041414]
[1.         0.79659635 0.69646917 0.31920528 0.74863584]
[1.         0.77435407 0.23883873 0.43714762 0.2782972 ]
[1.         0.95458808 0.03466604 0.82398217 0.94839695]
[1.         0.84882661 0.4948505  0.73860759 0.9924497 ]
[1.         0.42562756 0.05370364 0.12384442 0.90386457]
[1.         0.378256   0.83830028 0.37305644 0.22929835]
[1.         0.56522357 0.42226515 0.56318748 0.14600189]
[1.         0.91522465 0.46604517 0.48649283 0.35717785]
[1.         0.45450987 0.52501107 0.23804949 0.65735657]
[1.         0.72935342 0.12119618 0.03118071 0.58211861]
[1.         0.01148615 0.61002932 0.18675811 0.37548023]
Матрица наблюдений + добавленные переменные для полиноминализации:
[1.00000000e+00 2.12584984e-01 1.81219728e-03 4.42752621e-01
 4.67216463e-01 3.85245930e-04]
[1.         0.59407202 0.02412788 0.28004865 0.95453741 0.0143337 ]
[1.         0.80224629 0.90285798 0.19970691 0.93175011 0.72431446]
[1.         0.82799816 0.71510427 0.43022732 0.99288528 0.59210502]
[1.         0.68013381 0.84668562 0.22704197 0.92040622 0.57585952]
[1.         0.73443672 0.1905353  0.20285912 0.73491304 0.13993612]
[1.         0.7432086  0.42048908 0.3536656  0.99859366 0.3125111 ]
[1.         0.8369596  0.90803822 0.93165277 0.9298823  0.7599913 ]
[1.         0.2155814  0.77207243 0.99598938 0.63041414 0.16644445]
[1.         0.79659635 0.69646917 0.31920528 0.74863584 0.5548048 ]
[1.         0.77435407 0.23883873 0.43714762 0.2782972  0.18494575]
[1.         0.95458808 0.03466604 0.82398217 0.94839695 0.03309179]
[1.         0.84882661 0.4948505  0.73860759 0.9924497  0.42004227]
[1.         0.42562756 0.05370364 0.12384442 0.90386457 0.02285775]
[1.         0.378256   0.83830028 0.37305644 0.22929835 0.31709211]
[1.         0.56522357 0.42226515 0.56318748 0.14600189 0.23867422]
[1.         0.91522465 0.46604517 0.48649283 0.35717785 0.42653603]
[1.         0.45450987 0.52501107 0.23804949 0.65735657 0.23862271]
[1.         0.72935342 0.12119618 0.03118071 0.58211861 0.08839485]
[1.         0.01148615 0.61002932 0.18675811 0.37548023 0.00700689]
Столбец значений:
[0.01433489]
[0.28591934]
[0.85470133]
[0.75356184]
[0.7976981]
[0.48407464]
[0.64022154]
[0.64415397]
[0.10487277]
[0.59925826]
[0.12727159]
[0.05025332]
[0.4775074]
[0.56395566]
[0.14805834]
[0.06320934]
[0.22003623]
[0.46353368]
[0.53819257]
[0.14866874]
Линейная регрессия
Вектор квадратов разности :  [3.84073042e-03 1.88801390e-02 1.11050285e-03 8.40225426e-04
 1.41572726e-04 9.69854347e-04 4.43901750e-04 1.91195089e-02
 7.54680929e-04 1.09339361e-03 4.52920572e-04 3.26736687e-02
 5.72092415e-05 1.39647321e-02 1.30902360e-02 5.84937960e-03
 1.53637932e-03 2.77827874e-05 1.18588926e-02 9.31674634e-03]
Сумма квадратов разности :  0.13602245717664674
Полиноминальная регрессия
Вектор квадратов разности :  [4.09521438e-03 1.66071208e-02 3.96103173e-03 9.89625405e-05
 6.82064187e-05 3.63099112e-03 1.58309957e-03 5.09528820e-03
 6.52947830e-03 2.60732143e-03 6.48382656e-04 9.48090277e-03
 1.87194404e-05 7.83386375e-03 5.59595070e-03 2.31583182e-03
 3.00320610e-03 3.02303197e-04 2.01292012e-02 2.09483895e-03]
Сумма квадратов разности :  0.09569991504128036
