Матрица наблюдений:
[1.         0.08960285 0.86563232]
[1.         0.12526    0.33767037]
[1.         0.72610549 0.41115043]
[1.         0.61155944 0.28685185]
[1.         0.51291068 0.82411642]
[1.         0.6753069  0.33326984]
[1.         0.22659634 0.48311517]
[1.         0.17491525 0.6591091 ]
[1.         0.99662386 0.90274451]
[1.         0.05314202 0.64301916]
[1.         0.38952394 0.40517867]
[1.         0.77765666 0.8707864 ]
[1.         0.46658436 0.92266046]
[1.         0.57298735 0.17318743]
[1.         0.25446696 0.67289498]
[1.         0.47318559 0.21524891]
[1.         0.63102105 0.24039917]
[1.         0.32047415 0.71750735]
[1.00000000e+00 5.84052717e-04 4.52805066e-02]
[1.         0.11618734 0.78454785]
Матрица наблюдений + добавленные переменные для полиномиализации:
[1.         0.08960285 0.86563232 0.07756313]
[1.         0.12526    0.33767037 0.04229659]
[1.         0.72610549 0.41115043 0.29853858]
[1.         0.61155944 0.28685185 0.17542696]
[1.         0.51291068 0.82411642 0.42269811]
[1.         0.6753069  0.33326984 0.22505942]
[1.         0.22659634 0.48311517 0.10947213]
[1.         0.17491525 0.6591091  0.11528823]
[1.         0.99662386 0.90274451 0.89969672]
[1.         0.05314202 0.64301916 0.03417134]
[1.         0.38952394 0.40517867 0.15782679]
[1.         0.77765666 0.8707864  0.67717284]
[1.         0.46658436 0.92266046 0.43049895]
[1.         0.57298735 0.17318743 0.0992342 ]
[1.         0.25446696 0.67289498 0.17122954]
[1.         0.47318559 0.21524891 0.10185268]
[1.         0.63102105 0.24039917 0.15169694]
[1.         0.32047415 0.71750735 0.22994256]
[1.00000000e+00 5.84052717e-04 4.52805066e-02 2.64462029e-05]
[1.         0.11618734 0.78454785 0.09115453]
Столбец значений:
[0.76222465]
[0.33325525]
[0.78248814]
[0.51166037]
[0.86888313]
[0.63510126]
[0.47617487]
[0.6177644]
[1.77493571]
[0.59976445]
[0.45328501]
[1.23512356]
[0.89878643]
[0.36044302]
[0.63973014]
[0.31953903]
[0.48935507]
[0.69042251]
[0.04526504]
[0.70807373]
Линейная регрессия
Вектор квадратов разности :  [4.17959255e-04 6.01740784e-03 2.35165669e-04 2.59932822e-03
 2.03734537e-02 3.71648600e-04 2.64633949e-05 1.91797991e-04
 1.10665386e-01 1.01345829e-02 3.78151270e-03 2.47339660e-04
 3.04500134e-02 4.05357113e-03 1.28448528e-03 5.22208885e-03
 1.80445839e-03 5.89616869e-03 2.70902953e-02 6.49437861e-04]
Сумма квадратов разности :  0.23151256520386662
Полиномиальная регрессия
Вектор квадратов разности :  [9.03990089e-03 4.15585808e-04 3.91181760e-03 8.73980075e-06
 2.33485387e-02 1.24750923e-03 7.57882171e-05 9.07141349e-04
 4.15675804e-02 1.39101442e-02 4.00047061e-03 7.13386051e-03
 3.21338731e-02 1.53686417e-04 4.58585223e-04 3.04791668e-03
 3.04379370e-04 3.88924297e-03 2.20445681e-04 5.61734670e-03]
Сумма квадратов разности :  0.15139255351510986