[-26.65423738 -11.09823673]
[-26.68019978 -11.24940008]
[-26.70508275 -11.40010347]
[-26.72889457 -11.5503448 ]
[-26.75164338 -11.70012202]
[-26.77333725 -11.84943312]
[-26.7939841  -11.99827614]
[-26.81359177 -12.14664917]
[-26.832168   -12.29455032]
[-26.84972042 -12.44197778]
[-26.86625656 -12.58892973]
[-26.88178386 -12.73540444]
[-26.89630967 -12.88140019]
[-26.90984122 -13.0269153 ]
[-26.92238568 -13.17194812]
[-26.93395011 -13.31649704]
[-26.94454148 -13.46056049]
[-26.95416669 -13.60413692]
[-26.96283253 -13.74722483]
[-26.97054573 -13.88982272]
[-26.97731291 -14.03192914]
[-26.98314064 -14.17354266]
[-26.98803538 -14.31466189]
[-26.99200353 -14.45528546]
[-26.99505141 -14.595412  ]
[-26.99718525 -14.73504021]
[-26.99841123 -14.87416878]
[-26.99873543 -15.01279643]
[-26.99816387 -15.15092191]
[-26.9967025  -15.28854399]
[-26.99435721 -15.42566145]
[-26.9911338  -15.56227311]
[-26.98703801 -15.69837778]
[-26.98207551 -15.83397432]
[-26.97625192 -15.96906159]
[-26.96957279 -16.10363847]
[-26.96204358 -16.23770386]
[-26.95366973 -16.37125667]
[-26.94445659 -16.50429583]
[-26.93440946 -16.63682029]
[-26.92353357 -16.76882901]
[-26.91183411 -16.90032096]
[-26.89931619 -17.03129512]
[-26.88598488 -17.1617505 ]
[-26.8718452  -17.29168611]
[-26.85690209 -17.42110097]
[-26.84116046 -17.54999412]
[-26.82462516 -17.67836461]
[-26.80730097 -17.8062115 ]
[-26.78919265 -17.93353384]
[-26.77030488 -18.06033072]
[-26.75064231 -18.18660124]
[-26.73020954 -18.31234447]
[-26.7090111  -18.43755953]
[-26.6870515  -18.56224553]
[-26.66433519 -18.68640159]
[-26.64086657 -18.81002684]
[-26.61665    -18.93312041]
[-26.5916898  -19.05568145]
[-26.56599023 -19.1777091 ]
[-26.53955553 -19.29920252]
[-26.51238988 -19.42016088]
[-26.48449741 -19.54058333]
[-26.45588223 -19.66046904]
[-26.42654841 -19.7798172 ]
[-26.39649995 -19.89862699]
[-26.36574084 -20.01689758]
[-26.33427502 -20.13462818]
[-26.30210639 -20.25181796]
[-26.26923881 -20.36846613]
[-26.23567612 -20.48457189]
[-26.20142209 -20.60013445]
[-26.16648049 -20.71515299]
[-26.13085504 -20.82962675]
[-26.09454941 -20.94355491]
[-26.05756725 -21.0569367 ]
[-26.01991218 -21.16977134]
[-25.98158778 -21.28205803]
[-25.94259759 -21.39379599]
[-25.90294512 -21.50498445]
[-25.86263387 -21.61562262]
[-25.82166728 -21.72570972]
[-25.78004876 -21.83524497]
[-25.73778171 -21.94422759]
[-25.69486949 -22.05265681]
[-25.65131541 -22.16053184]
[-25.60712279 -22.26785191]
[-25.56229488 -22.37461623]
[-25.51683493 -22.48082403]
[-25.47074614 -22.58647452]
[-25.42403172 -22.69156692]
[-25.3766948  -22.79610045]
[-25.32873851 -22.90007432]
[-25.28016597 -23.00348776]
[-25.23098025 -23.10633996]
[-25.1811844  -23.20863014]
[-25.13078143 -23.31035751]
[-25.07977436 -23.41152128]
[-25.02816616 -23.51212065]
[-24.97595977 -23.61215482]
[-24.92315813 -23.71162299]
[-24.86976413 -23.81052435]
[-24.81578065 -23.90885811]
[-24.76121056 -24.00662345]
[-24.70605667 -24.10381956]
[-24.65032181 -24.20044562]
[-24.59400876 -24.29650081]
[-24.53712029 -24.39198432]
[-24.47965914 -24.48689531]
[-24.42162804 -24.58123295]
[-24.36302968 -24.67499642]
[-24.30386676 -24.76818487]
[-24.24414193 -24.86079745]
[-24.18385783 -24.95283333]
[-24.1230171  -25.04429164]
[-24.06162232 -25.13517155]
[-23.99967608 -25.22547217]
[-23.93718096 -25.31519265]
[-23.87413949 -25.40433212]
[-23.8105542 -25.4928897]
[-23.74642761 -25.58086451]
[-23.6817622  -25.66825567]
[-23.61656045 -25.75506228]
[-23.55082482 -25.84128344]
[-23.48455775 -25.92691825]
[-23.41776165 -26.01196581]
[-23.35043895 -26.0964252 ]
[-23.28259202 -26.18029549]
[-23.21422325 -26.26357576]
[-23.14533499 -26.34626508]
[-23.07592959 -26.42836251]
[-23.00600938 -26.5098671 ]
[-22.93557666 -26.5907779 ]
[-22.86463374 -26.67109395]
[-22.7931829  -26.75081428]
[-22.72122641 -26.82993792]
[-22.64876653 -26.90846389]
[-22.57580549 -26.98639121]
[-22.50234553 -27.06371887]
[-22.42838886 -27.14044588]
[-22.35393768 -27.21657122]
[-22.27899418 -27.29209388]
[-22.20356054 -27.36701284]
[-22.12763891 -27.44132706]
[-22.05123145 -27.5150355 ]
[-21.9743403  -27.58813711]
[-21.89696758 -27.66063084]
[-21.81911541 -27.73251561]
[-21.74078589 -27.80379037]
[-21.66198111 -27.87445402]
[-21.58270315 -27.94450547]
[-21.50295408 -28.01394363]
[-21.42273597 -28.08276738]
[-21.34205085 -28.15097562]
[-21.26090077 -28.2185672 ]
[-21.17928776 -28.28554101]
[-21.09721382 -28.35189589]
[-21.01468098 -28.4176307 ]
[-20.93169122 -28.48274426]
[-20.84824655 -28.5472354 ]
[-20.76434892 -28.61110294]
[-20.68000033 -28.6743457 ]
[-20.59520273 -28.73696246]
[-20.50995806 -28.79895201]
[-20.42426829 -28.86031314]
[-20.33813534 -28.9210446 ]
[-20.25156114 -28.98114516]
[-20.16454761 -29.04061355]
[-20.07709667 -29.09944853]
[-19.98921021 -29.1576488 ]
[-19.90089015 -29.21521309]
[-19.81213836 -29.2721401 ]
[-19.72295674 -29.32842851]
[-19.63334715 -29.38407702]
[-19.54331147 -29.43908428]
[-19.45285156 -29.49344895]
[-19.36196928 -29.54716969]
[-19.27066648 -29.60024512]
[-19.17894501 -29.65267386]
[-19.0868067  -29.70445453]
[-18.99425339 -29.75558573]
[-18.90128691 -29.80606603]
[-18.80790907 -29.85589402]
[-18.7141217  -29.90506825]
[-18.61992661 -29.95358727]
[-18.52532562 -30.00144962]
[-18.43032051 -30.04865381]
[-18.3349131  -30.09519837]
[-18.23910517 -30.14108177]
[-18.14289853 -30.18630251]
[-18.04629495 -30.23085905]
[-17.94929622 -30.27474985]
[-17.85190412 -30.31797335]
[-17.75412043 -30.36052798]
[-17.65594692 -30.40241215]
[-17.55738537 -30.44362426]
[-17.45843754 -30.48416269]
[-17.35910519 -30.52402581]
[-17.2593901  -30.56321199]
[-17.15929402 -30.60171955]
[-17.05881871 -30.63954683]
[-16.95796593 -30.67669213]
[-16.85673743 -30.71315375]
[-16.75513497 -30.74892997]
[-16.65316031 -30.78401905]
[-16.55081519 -30.81841924]
[-16.44810136 -30.85212878]
[-16.34502058 -30.88514587]
[-16.2415746  -30.91746871]
[-16.13776516 -30.94909549]
[-16.03359402 -30.98002438]
[-15.92906292 -31.01025352]
[-15.82417361 -31.03978104]
[-15.71892785 -31.06860506]
[-15.61332739 -31.09672368]
[-15.50737397 -31.12413497]
[-15.40106935 -31.150837  ]
[-15.29441529 -31.17682781]
[-15.18741354 -31.20210542]
[-15.08006586 -31.22666785]
[-14.97237401 -31.25051307]
[-14.86433974 -31.27363907]
[-14.75596483 -31.29604378]
[-14.64725104 -31.31772515]
[-14.53820014 -31.33868107]
[-14.4288139  -31.35890945]
[-14.3190941  -31.37840816]
[-14.20904252 -31.39717504]
[-14.09866094 -31.41520793]
[-13.98795114 -31.43250464]
[-13.87691492 -31.44906296]
[-13.76555408 -31.46488065]
[-13.65387041 -31.47995548]
[-13.54186572 -31.49428515]
[-13.42954181 -31.50786738]
[-13.31690051 -31.52069985]
[-13.20394364 -31.53278022]
[-13.09067302 -31.54410613]
[-12.97709048 -31.55467518]
[-12.86319787 -31.56448498]
[-12.74899704 -31.5735331 ]
[-12.63448983 -31.58181706]
[-12.5196781  -31.58933441]
[-12.40456373 -31.59608263]
[-12.2891486  -31.60205919]
[-12.17343458 -31.60726155]
[-12.05742357 -31.61168713]
[-11.94111747 -31.61533332]
[-11.82451819 -31.6181975 ]
[-11.70762765 -31.62027701]
[-11.59044778 -31.62156918]
[-11.47298052 -31.62207129]
[-11.35522783 -31.62178061]
[-11.23719165 -31.62069439]
[-11.11887396 -31.61880983]
[-11.00027675 -31.61612412]
[-10.88140201 -31.61263442]
[-10.76225175 -31.60833785]
[-10.64282798 -31.60323151]
[-10.52313273 -31.59731247]
[-10.40316806 -31.59057777]
[-10.28293602 -31.58302443]
[-10.16243867 -31.57464942]
[-10.04167812 -31.56544969]
[ -9.92065645 -31.55542216]
[ -9.79937579 -31.54456372]
[ -9.67783826 -31.53287122]
[ -9.55604602 -31.52034148]
[ -9.43400122 -31.50697131]
[ -9.31170605 -31.49275744]
[ -9.18916271 -31.47769662]
[ -9.06637341 -31.46178552]
[ -8.94334038 -31.44502081]
[ -8.82006588 -31.42739911]
[ -8.69655218 -31.40891699]
[ -8.57280157 -31.38957103]
[ -8.44881636 -31.36935772]
[ -8.32459888 -31.34827354]
[ -8.20015149 -31.32631494]
[ -8.07547656 -31.30347833]
[ -7.95057649 -31.27976006]
[ -7.82545369 -31.25515646]
[ -7.70011062 -31.22966383]
[ -7.57454973 -31.20327841]
[ -7.44877353 -31.17599641]
[ -7.32278452 -31.147814  ]
[ -7.19658526 -31.1187273 ]
[ -7.0701783 -31.0887324]
[ -6.94356625 -31.05782535]
[ -6.81675173 -31.02600214]
[ -6.6897374  -30.99325874]
[ -6.56252593 -30.95959105]
[ -6.43512004 -30.92499495]
[ -6.30752247 -30.88946626]
[ -6.179736   -30.85300075]
[ -6.05176342 -30.81559416]
[ -5.92360759 -30.77724218]
[ -5.79527137 -30.73794044]
[ -5.66675767 -30.69768452]
[ -5.53806944 -30.65646997]
[ -5.40920965 -30.61429229]
[ -5.28018132 -30.5711469 ]
[ -5.1509875 -30.5270292]
[ -5.02163129 -30.48193452]
[ -4.89211583 -30.43585815]
[ -4.76244428 -30.38879532]
[ -4.63261986 -30.34074121]
[ -4.50264583 -30.29169094]
[ -4.37252551 -30.24163957]
[ -4.24226222 -30.19058212]
[ -4.11185938 -30.13851354]
[ -3.98132042 -30.08542872]
[ -3.85064883 -30.0313225 ]
[ -3.71984816 -29.97618966]
[ -3.58892199 -29.92002491]
[ -3.45787397 -29.86282291]
[ -3.32670779 -29.80457825]
[ -3.19542722 -29.74528546]
[ -3.06403605 -29.684939  ]
[ -2.93253816 -29.62353327]
[ -2.80093746 -29.56106261]
[ -2.66923795 -29.49752128]
[ -2.53744367 -29.43290348]
[ -2.40555873 -29.36720335]
[ -2.27358731 -29.30041492]
[ -2.14153366 -29.23253221]
[ -2.00940207 -29.16354912]
[ -1.87719695 -29.09345949]
[ -1.74492273 -29.02225709]
[ -1.61258395 -28.94993561]
[ -1.48018522 -28.87648867]
[ -1.34773121 -28.80190981]
[ -1.21522668 -28.72619248]
[ -1.08267649 -28.64933006]
[ -0.95008555 -28.57131584]
[ -0.81745888 -28.49214305]
[ -0.68480158 -28.41180481]
[ -0.55211885 -28.33029416]
[ -0.41941596 -28.24760407]
[ -0.28669831 -28.16372739]
[ -0.15397136 -28.07865692]
[-2.12407078e-02 -2.79923853e+01]
[  0.11148798 -27.90490523]
[  0.2442089  -27.81620912]
[  0.37691616 -27.72628941]
[  0.50960376 -27.63513841]
[  0.64226556 -27.54274834]
[  0.77489532 -27.4491113 ]
[  0.90748668 -27.35421931]
[  1.04003315 -27.25806428]
[  1.17252811 -27.16063802]
[  1.30496481 -27.06193223]
[  1.43733638 -26.9619385 ]
[  1.56963578 -26.86064831]
[  1.70185586 -26.75805304]
[  1.8339893  -26.65414394]
[  1.96602863 -26.54891216]
[  2.09796624 -26.44234874]
[  2.22979435 -26.33444457]
[  2.36150501 -26.22519046]
[  2.49309012 -26.11457706]
[  2.62454139 -26.00259494]
[  2.75585035 -25.88923451]
[  2.88700836 -25.77448605]
[  3.01800657 -25.65833975]
[  3.14883596 -25.54078562]
[  3.27948729 -25.42181358]
[  3.40995111 -25.30141337]
[  3.54021777 -25.17957464]
[  3.6702774  -25.05628687]
[  3.8001199 -24.9315394]
[  3.92973493 -24.80532144]
[  4.05911192 -24.67762205]
[  4.18824006 -24.54843013]
[  4.31710825 -24.41773445]
[  4.44570517 -24.28552362]
[  4.57401921 -24.15178609]
[  4.70203847 -24.01651016]
[  4.82975078 -23.87968398]
[  4.95714366 -23.74129551]
[  5.08420433 -23.60133259]
[  5.21091969 -23.45978286]
[  5.33727631 -23.31663381]
[  5.46326043 -23.17187276]
[  5.58885794 -23.02548686]
[  5.71405436 -22.87746309]
[  5.83883485 -22.72778824]
[  5.96318418 -22.57644895]
[  6.08708673 -22.42343165]
[  6.21052646 -22.26872262]
[  6.33348691 -22.11230794]
[  6.45595119 -21.9541735 ]
[  6.57790195 -21.79430504]
[  6.69932137 -21.63268807]
[  6.82019115 -21.46930794]
[  6.94049248 -21.3041498 ]
[  7.06020605 -21.13719862]
[  7.179312   -20.96843917]
[  7.2977899  -20.79785602]
[  7.41561878 -20.62543356]
[  7.53277706 -20.45115599]
[  7.64924252 -20.27500732]
[  7.76499234 -20.09697134]
[  7.88000302 -19.91703169]
[  7.99425036 -19.73517178]
[  8.10770948 -19.55137485]
[  8.22035474 -19.36562394]
[  8.33215974 -19.17790192]
[  8.44309731 -18.98819147]
[  8.55313942 -18.79647507]
[  8.66225723 -18.60273505]
[  8.77042099 -18.40695354]
[  8.87760003 -18.20911251]
[  8.98376275 -18.00919378]
[  9.08887655 -17.80717899]
[  9.19290779 -17.60304964]
[  9.29582179 -17.39678709]
[  9.39758274 -17.18837257]
[  9.49815371 -16.97778716]
[  9.59749655 -16.76501186]
[  9.69557187 -16.55002754]
[  9.79233901 -16.33281502]
[  9.88775595 -16.11335502]
[  9.9817793  -15.89162822]
[ 10.07436418 -15.66761526]
[ 10.16546426 -15.44129677]
[ 10.2550316 -15.2126534]
[ 10.34301665 -14.98166582]
[ 10.42936817 -14.74831478]
[ 10.51403314 -14.51258112]
[ 10.59695672 -14.27444581]
[ 10.67808218 -14.03388999]
[ 10.75735079 -13.79089501]
[ 10.83470175 -13.54544249]
[ 10.91007213 -13.29751432]
[ 10.98339677 -13.04709279]
[ 11.05460818 -12.79416058]
[ 11.12363647 -12.53870088]
[ 11.19040924 -12.2806974 ]
[ 11.25485147 -12.02013452]
[ 11.31688545 -11.75699732]
[ 11.37643064 -11.49127169]
[ 11.43340359 -11.22294445]
[ 11.4877178  -10.95200341]
[ 11.53928364 -10.67843754]
[ 11.58800818 -10.4022371 ]
[ 11.63379514 -10.12339373]
[11.6765447  -9.84190065]
[11.71615343 -9.55775282]
[11.75251412 -9.27094712]
[11.78551569 -8.98148253]
[11.81504304 -8.68936036]
[11.84097694 -8.39458449]
[11.86319389 -8.09716159]
[11.88156599 -7.79710144]
[11.89596088 -7.49441717]
[11.90624154 -7.18912564]
[11.91226627 -6.88124771]
[11.91388854 -6.57080871]
[11.91095694 -6.25783874]
[11.9033151  -5.94237318]
[11.89080165 -5.62445311]
[11.87325023 -5.3041258 ]
[11.85048942 -4.98144529]
[11.82234286 -4.6564729 ]
[11.78862927 -4.32927785]
[11.74916257 -3.9999379 ]
[11.70375207 -3.66854001]
[11.65220268 -3.33518106]
[11.59431518 -2.99996856]
[11.52988662 -2.66302146]
[11.45871069 -2.32447088]
[11.38057833 -1.98446102]
[11.29527831 -1.6431499 ]
[11.20259797 -1.30071024]
[11.10232412 -0.95733032]
[10.99424401 -0.61321475]
[10.87814647 -0.26858531]
[10.75382321  0.07631836]
[10.62107024  0.42123801]
[10.47968948  0.76589627]
[10.32949056  1.10999612]
[10.17029272  1.45322058]
[10.0019269   1.79523255]
[9.824238   2.13567487]
[9.63708725 2.47417059]
[9.44035466 2.81032355]
[9.2339416  3.14371922]
[9.01777342 3.47392589]
[8.79180197 3.80049627]
[8.55600821 4.12296934]
[8.31040456 4.44087276]
[8.05503718 4.75372548]
[7.78998788 5.06104089]
[7.5153758 5.3623302]
[7.23135864 5.65710621]
[6.93813343 5.94488729]
[6.63593677 6.22520155]
[6.32504458 6.49759114]
[6.00577111 6.76161654]
[5.67846746 7.01686078]
[5.34351946 7.26293344]
[5.00134497 7.49947439]
[4.65239064 7.72615713]
[4.29712827 7.94269166]
[3.93605071 8.1488268 ]
[3.56966755 8.34435191]
[3.19850064 8.52909806]
[2.8230795  8.70293842]
[2.4439368  8.86578817]
[2.06160396 9.01760374]
[1.67660707 9.1583815 ]
[1.28946294 9.28815604]
[0.9006757  9.40699795]
[0.51073373 9.5150113 ]
[0.12010698 9.61233091]
[-0.27075514  9.69911937]
[-0.66142554  9.77556404]
[-1.05150073  9.84187394]
[-1.44060167  9.89827674]
[-1.82837434  9.94501579]
[-2.21448987  9.98234731]
[-2.59864442 10.01053773]
[-2.98055879 10.02986115]
[-3.35997783 10.04059713]
[-3.73666964 10.04302855]
[-4.11042467 10.03743981]
[-4.48105471 10.02411511]
[-4.84839175 10.00333705]
[-5.21228688  9.97538532]
[-5.5726091   9.94053569]
[-5.92924413  9.89905906]
[-6.28209329  9.8512207 ]
[-6.63107232  9.79727966]
[-6.97611029  9.73748828]
[-7.31714853  9.67209182]
[-7.65413961  9.60132815]
[-7.9870464   9.52542763]
[-8.31584113  9.44461293]
[-8.64050453  9.35909902]
[-8.96102507  9.26909318]
[-9.27739816  9.17479504]
[-9.58962549  9.07639669]
[-9.8977144  8.9740828]
[-10.20167725   8.86803077]
[-10.50153091   8.7584109 ]
[-10.79729624   8.64538662]
[-11.08899765   8.52911463]
[-11.37666264   8.40974515]
[-11.66032149   8.28742214]
[-11.94000685   8.16228351]
[-12.21575342   8.03446134]
[-12.48759772   7.9040821 ]
[-12.75557779   7.77126688]
[-13.01973293   7.6361316 ]
[-13.28010355   7.49878721]
[-13.53673093   7.35933992]
[-13.78965706   7.2178914 ]
[-14.03892448   7.07453894]
[-14.28457616   6.92937568]
[-14.52665534   6.78249079]
[-14.76520545   6.63396962]
[-15.00027      6.48389387]
[-15.23189249   6.33234181]
[-15.46011631   6.17938835]
[-15.6849847    6.02510527]
[-15.9065407   5.8695613]
[-16.12482704   5.71282231]
[-16.33988614   5.55495139]
[-16.55176005   5.39600902]
[-16.76049041   5.23605318]
[-16.96611844   5.07513943]
[-17.16868488   4.91332107]
[-17.36823      4.75064921]
[-17.56479356   4.58717287]
[-17.75841479   4.42293909]
[-17.9491324    4.25799302]
[-18.13698454   4.09237799]
[-18.32200883   3.92613559]
[-18.5042423    3.75930578]
[-18.68372143   3.59192691]
[-18.86048215   3.42403586]
[-19.0345598    3.25566803]
[-19.20598916   3.08685746]
[-19.37480444   2.91763687]
[-19.54103929   2.74803774]
[-19.7047268   2.5780903]
[-19.8658995    2.40782367]
[-20.02458936   2.23726584]
[-20.18082782   2.06644377]
[-20.33464578   1.8953834 ]
[-20.48607357   1.72410968]
[-20.63514104   1.55264667]
[-20.7818775    1.38101752]
[-20.92631172   1.20924455]
[-21.06847201   1.03734925]
[-21.20838615   0.86535234]
[-21.34608145   0.69327378]
[-21.48158471   0.52113283]
[-21.61492228   0.34894806]
[-21.74612005   0.17673737]
[-2.18752034e+01  4.51803515e-03]
[-22.00219736  -0.16769327]
[-22.12712641  -0.33988047]
[-22.25001466  -0.51202802]
[-22.37088578  -0.68412095]
[-22.48976301  -0.85614477]
[-22.60666922  -1.0280855 ]
[-22.72162683  -1.19992964]
[-22.83465789  -1.37166413]
[-22.94578407  -1.54327637]
[-23.05502666  -1.71475417]
[-23.16240657  -1.88608576]
[-23.26794434  -2.05725972]
[-23.37166019  -2.22826506]
[-23.47357395  -2.39909111]
[-23.57370513  -2.56972757]
[-23.67207291  -2.74016447]
[-23.76869613  -2.91039215]
[-23.86359331  -3.08040127]
[-23.95678266  -3.25018279]
[-24.04828208  -3.41972796]
[-24.13810918  -3.58902829]
[-24.22628126  -3.75807557]
[-24.31281533  -3.92686186]
[-24.39772813  -4.09537943]
[-24.48103612  -4.26362083]
[-24.56275546  -4.43157881]
[-24.64290209  -4.59924636]
[-24.72149166  -4.76661668]
[-24.79853957  -4.93368317]
[-24.87406097  -5.10043943]
[-24.94807076  -5.26687926]
[-25.02058362  -5.43299665]
[-25.09161397  -5.59878574]
[-25.16117602  -5.76424088]
[-25.22928374  -5.92935656]
[-25.29595088  -6.09412744]
[-25.36119098  -6.25854834]
[-25.42501737  -6.42261423]
[-25.48744317  -6.58632021]
[-25.54848128  -6.74966153]
[-25.60814443  -6.91263359]
[-25.66644514  -7.0752319 ]
[-25.72339572  -7.2374521 ]
[-25.77900832  -7.39928996]
[-25.8332949   -7.56074135]
[-25.88626723  -7.72180229]
[-25.9379369   -7.88246887]
[-25.98831535  -8.04273731]
[-26.03741383  -8.20260393]
[-26.08524342  -8.36206515]
[-26.13181505  -8.52111747]
[-26.17713948  -8.67975751]
[-26.22122732  -8.83798196]
[-26.26408902  -8.9957876 ]
[-26.30573489  -9.15317131]
[-26.34617508  -9.31013004]
[-26.38541959  -9.4666608 ]
[-26.42347829  -9.62276072]
[-26.46036091  -9.77842697]
[-26.49607703  -9.9336568 ]
[-26.53063611 -10.08844753]
[-26.56404747 -10.24279655]
[-26.5963203  -10.39670131]
[-26.62746366 -10.55015933]
[-26.6574865  -10.70316818]
[-26.68639763 -10.85572551]
[-26.71420574 -11.00782899]
[-26.74091942 -11.15947638]
[-26.76654713 -11.31066549]
[-26.79109722 -11.46139415]
[-26.81457791 -11.61166028]
[-26.83699735 -11.76146183]
[-26.85836354 -11.91079679]
[-26.87868441 -12.05966321]
[-26.89796776 -12.20805917]
[-26.9162213  -12.35598281]
[-26.93345264 -12.5034323 ]
[-26.94966928 -12.65040585]
[-26.96487865 -12.79690171]
[-26.97908804 -12.94291816]
[-26.9923047  -13.08845353]
[-27.00453575 -13.23350618]
[-27.01578823 -13.37807451]
[-27.0260691  -13.52215693]
[-27.03538522 -13.66575191]
[-27.04374338 -13.80885793]
[-27.05115027 -13.95147351]
[-27.05761251 -14.0935972 ]
[-27.06313662 -14.23522757]
[-27.06772907 -14.37636323]
[-27.07139623 -14.5170028 ]
[-27.07414439 -14.65714494]
[-27.07597978 -14.79678831]
[-27.07690855 -14.93593164]
[-27.07693677 -15.07457363]
[-27.07607044 -15.21271304]
[-27.07431549 -15.35034862]
[-27.07167779 -15.48747918]
[-27.06816312 -15.62410352]
[-27.06377722 -15.76022045]
[-27.05852575 -15.89582884]
[-27.05241429 -16.03092755]
[-27.04544838 -16.16551545]
[-27.03763348 -16.29959144]
[-27.02897501 -16.43315443]
[-27.01947829 -16.56620337]
[-27.00914862 -16.69873718]
[-26.99799122 -16.83075483]
[-26.98601126 -16.96225529]
[-26.97321384 -17.09323755]
[-26.95960402 -17.2237006 ]
[-26.94518679 -17.35364346]
[-26.9299671  -17.48306516]
[-26.91394984 -17.61196471]
[-26.89713983 -17.74034118]
[-26.87954187 -17.86819362]
[-26.86116069 -17.99552109]
[-26.84200096 -18.12232266]
[-26.82206733 -18.24859744]
[-26.80136436 -18.3743445 ]
[-26.77989661 -18.49956296]
[-26.75766855 -18.62425192]
[-26.73468462 -18.7484105 ]
[-26.71094923 -18.87203784]
[-26.68646671 -18.99513305]
[-26.66124139 -19.11769529]
[-26.6352775 -19.2397237]
[-26.60857929 -19.36121743]
[-26.58115091 -19.48217564]
[-26.5529965 -19.6025975]